0,480
0,479
0,478
0,477
0,476
0,475
0,474
49,3
49,2
49,1
49,0
48,3
48,2
48,1
48,0
47,3
47,2
47,1
47,0
46,3
46,2
46,1
46,0
45,3
45,2
45,1
45,0
0,473
0,472
0,471
0,243
0,470
0,469
0,468
0,467
0,466
0,465
0,464
0,463
0,462
0,461
0,460
0,459
0,458
0,457
0,456
0,455
0,454
44,3
44,2
0,453
0,452
44,1
44,0
0,451
0,450
0,449
0,448
0,447
43,3
43,2
0,446
43,1
43,0
0,445
0,444
0,443
0,442
0,441
0,440
0,439
0,438
0,437
0,436
0,435
0,434
0,433
0,432
0,431
0,430
0,429
42,3
42,2
0,428
42,1
42,0
0,427
0,426
0,425
0,424
0,423
0,422
0,421
0,420
0,419
0,418
0,417
0,416
0,415
0,414
0,413
0,412
0,411
41,3
41,2
0,410
0,409
41,1
41,0
0,408
0,407
0,406
0,405
0,404
